-24 -37 -38 -25 -55 -58 -57
-23 -16 -8 -21 -13 -49 -51
-18 -21 -14 -25 -17 -47 -46
-21 -13 -8 -24 -14 -48 -50
-58 -47 -56 -57 -66 -74 -72
-21 -35 -33 -25 -52 -54 -52
-29 -25 -23 -31 -30 -58 -61
-30 -23 -11 -31 -15 -58 -52
-21 -20 -12 -30 -13 -48 -55
4 -37 -39 -16 -49 -53 -54
-19 -42 -35 -20 -47 -49 -52
-27 -25 -13 -22 -10 -56 -47
-19 -41 -37 -20 -47 -49 -50
-59 -48 -53 -59 -68 -82 -77
-23 -25 -25 -28 -40 -52 -64
-23 -30 -23 -32 -35 -64 -66
-21 -25 -17 -23 -16 -51 -53
-27 -22 -14 -27 -12 -55 -49
-23 -29 -26 -25 -41 -57 -50
-22 -23 -28 -22 -27 -58 -49
-22 -25 -20 -28 -13 -47 -51
-54 -49 -56 -57 -64 -77 -80
-59 -46 -58 -61 -67 -73 -72
-24 -36 -33 -29 -46 -52 -47
-54 -47 -51 -53 -61 -75 -82
-53 -44 -46 -51 -59 -67 -70
-23 -42 -36 -25 -55 -62 -56
-18 -34 -37 -18 -51 -46 -52
-54 -50 -48 -56 -60 -71 -77
-31 -20 -19 -28 -13 -55 -53
-52 -45 -48 -58 -58 -73 -75
-25 -14 -14 -22 -12 -52 -51
-51 -43 -50 -56 -57 -73 -71
-26 -23 -12 -29 -15 -51 -50
-21 -18 -15 -24 -11 -48 -52
-22 -22 -15 -25 -15 -49 -53
5 -45 -47 2 -56 -55 -56
-29 -21 -19 -28 -14 -56 -49
-58 -47 -58 -61 -65 -72 -73
-22 -22 -10 -21 -11 -45 -44
-23 -40 -35 -25 -43 -52 -52
-59 -49 -56 -58 -74 -80 -77
-54 -49 -49 -55 -57 -72 -74
-28 -22 -9 -29 -15 -56 -56
-53 -44 -53 -55 -59 -70 -73
-49 -40 -46 -51 -61 -69 -71
-20 -18 -14 -22 -14 -47 -49
-19 -38 -38 -20 -50 -52 -48
-23 -22 -30 -22 -34 -55 -59
-22 -37 -35 -18 -42 -59 -59
-23 -28 -24 -30 -31 -59 -59
-56 -49 -58 -58 -61 -78 -75
-21 -39 -37 -24 -43 -56 -57
-52 -44 -45 -49 -62 -73 -77
-23 -14 -21 -23 -15 -51 -49
-21 -18 -13 -25 -7 -43 -49
-27 -23 -9 -29 -11 -53 -56
4 -36 -39 3 -51 -64 -53
-23 -25 -25 -29 -40 -53 -62
-22 -37 -35 -17 -46 -52 -64
-49 -41 -50 -49 -59 -71 -72
-23 -16 -19 -24 -19 -51 -52
-25 -24 -17 -25 -16 -51 -51
1 -38 -36 -18 -48 -55 -59
-56 -42 -50 -52 -57 -72 -75
-1 -45 -48 -2 -61 -55 -54
-24 -26 -25 -27 -38 -50 -60
1 -45 -42 4 -54 -54 -59
-23 -21 -12 -33 -16 -51 -51
-22 -37 -48 -21 -57 -55 -60
-58 -52 -53 -58 -68 -74 -82
-53 -45 -47 -55 -66 -79 -76
-23 -14 -21 -25 -15 -49 -50
-22 -15 -20 -22 -14 -52 -52
-25 -26 -30 -25 -30 -56 -56
-20 -17 -6 -25 -19 -51 -46
-24 -22 -19 -29 -14 -55 -50
-22 -28 -22 -22 -33 -53 -52
-53 -40 -50 -54 -53 -71 -70
-22 -16 -15 -23 -13 -46 -50
-27 -28 -25 -23 -31 -51 -59
-24 -35 -31 -26 -56 -52 -47
-23 -16 -23 -25 -18 -51 -53
-50 -43 -52 -48 -60 -74 -69
-54 -43 -47 -50 -57 -71 -71
-17 -36 -38 -16 -43 -53 -56
-18 -36 -34 -2 -48 -52 -56
-24 -38 -32 -25 -50 -58 -59
-55 -47 -55 -58 -68 -72 -76
-28 -19 -19 -26 -13 -57 -49
-22 -17 -16 -26 -15 -49 -47
-54 -48 -53 -56 -67 -73 -79
-54 -50 -56 -53 -56 -74 -71
-22 -26 -24 -15 -36 -52 -61
-49 -45 -49 -53 -66 -72 -72
-58 -46 -59 -58 -65 -74 -74
-24 -21 -20 -29 -14 -60 -51
-19 -28 -31 -20 -37 -51 -51
-53 -45 -51 -52 -61 -70 -72
-19 -42 -35 -19 -46 -50 -49
-21 -17 -15 -21 -12 -52 -49
-22 -16 -22 -24 -16 -50 -53
-24 -40 -47 -28 -53 -59 -55
-21 -30 -25 -24 -35 -59 -54
-59 -46 -64 -56 -67 -73 -73
-27 -22 -21 -25 -16 -53 -57
-19 -43 -36 -19 -48 -56 -57
-20 -12 -7 -26 -7 -47 -46
-18 -33 -49 -22 -45 -56 -50
-19 -26 -25 -18 -35 -52 -51
4 -40 -42 -20 -56 -56 -55
-26 -19 -17 -29 -14 -52 -57
-1 -41 -49 -17 -47 -48 -56
-22 -52 -29 -25 -51 -55 -66
1 -45 -47 -9 -68 -54 -56
-23 -18 -23 -24 -14 -51 -50
-21 -32 -27 -28 -33 -57 -60
-50 -48 -51 -49 -58 -71 -70
-25 -29 -24 -19 -36 -59 -55
-25 -42 -50 -28 -54 -65 -61
-56 -52 -55 -59 -68 -77 -80
-58 -48 -55 -59 -66 -73 -73
-20 -29 -26 -26 -39 -58 -58
-55 -52 -53 -56 -61 -76 -78
-52 -45 -47 -50 -59 -73 -74
-22 -29 -26 -25 -31 -62 -59
-22 -25 -34 -25 -34 -55 -61
-47 -46 -47 -50 -55 -74 -74
-17 -33 -25 -22 -36 -57 -57
-52 -46 -54 -55 -60 -74 -73
-21 -31 -23 -26 -35 -54 -60
-25 -21 -17 -29 -14 -51 -55
-25 -28 -29 -24 -42 -58 -58
-49 -48 -57 -52 -59 -76 -74
-16 -39 -37 -17 -41 -53 -51
-23 -22 -24 -23 -34 -56 -58
-24 -24 -25 -30 -29 -54 -50
5 -42 -45 0 -52 -55 -55
-26 -29 -19 -24 -35 -53 -53
-25 -37 -37 -26 -50 -58 -61
-24 -15 -15 -23 -18 -50 -53
-18 -40 -36 -9 -49 -55 -60
-18 -41 -39 -1 -52 -51 -57
-27 -40 -45 -27 -62 -58 -47
-22 -18 -16 -25 -17 -49 -53
-22 -24 -25 -17 -33 -50 -50
-21 -30 -27 -23 -39 -56 -51
-49 -43 -55 -55 -57 -79 -74
-20 -26 -22 -22 -39 -49 -53
-53 -42 -49 -52 -54 -68 -71
-20 -41 -34 -26 -51 -50 -58
-23 -26 -25 -23 -34 -52 -56
-25 -25 -23 -22 -39 -50 -61
-20 -38 -34 -23 -58 -53 -48
-21 -19 -23 -27 -36 -60 -50
-20 -32 -53 -21 -50 -60 -56
-20 -15 -9 -18 -16 -43 -49
-22 -26 -23 -18 -37 -47 -58
-26 -21 -25 -25 -32 -54 -55
-26 -34 -38 -29 -45 -53 -57
-24 -28 -26 -23 -36 -52 -59
-25 -22 -16 -25 -9 -56 -45
-54 -47 -54 -56 -63 -73 -80
-49 -39 -50 -50 -55 -75 -68
-53 -47 -48 -55 -56 -76 -74
-56 -50 -56 -54 -59 -71 -74
-63 -50 -56 -66 -72 -75 -82
-53 -48 -47 -54 -57 -75 -73
-22 -35 -35 -22 -46 -46 -55
-26 -23 -23 -22 -34 -56 -57
-23 -41 -35 -22 -44 -54 -58
-21 -14 -15 -23 -15 -47 -48
-20 -35 -35 -25 -60 -51 -57
-23 -40 -40 -24 -46 -61 -62
-49 -41 -52 -59 -55 -76 -82
-53 -46 -50 -54 -63 -67 -78
-20 -15 -16 -23 -12 -51 -46
-23 -29 -24 -22 -40 -57 -54
-30 -21 -20 -28 -13 -53 -51
-23 -15 -20 -22 -14 -52 -50
-55 -41 -46 -54 -57 -69 -73
-20 -31 -24 -16 -38 -53 -53
-22 -37 -38 -18 -46 -47 -48
-54 -48 -50 -58 -62 -73 -84
-24 -20 -8 -23 -10 -45 -50
-50 -48 -54 -57 -56 -73 -69
-53 -42 -49 -56 -63 -71 -79
-22 -20 -12 -29 -13 -51 -45
-15 -27 -21 -24 -37 -51 -60
-17 -40 -43 -20 -49 -53 -53
-24 -35 -44 -9 -45 -54 -61
-22 -23 -20 -24 -14 -50 -47
-59 -42 -50 -58 -56 -71 -78
-21 -20 -12 -24 -13 -48 -52
-21 -25 -25 -29 -41 -54 -57
-54 -52 -52 -54 -59 -73 -74
-49 -45 -49 -49 -58 -75 -79
-22 -30 -24 -17 -30 -58 -52
-22 -19 -15 -30 -18 -50 -49
-23 -15 -10 -22 -10 -54 -54
-22 -25 -19 -21 -33 -52 -53
-19 -20 -11 -18 -13 -45 -43
-53 -48 -49 -56 -62 -78 -77
-47 -44 -49 -55 -62 -75 -78
-23 -38 -32 -25 -48 -59 -58
-24 -35 -32 -26 -53 -50 -46
-21 -25 -9 -26 -12 -51 -52
-23 -37 -36 -22 -44 -53 -54
-25 -30 -23 -25 -38 -52 -50
-24 -16 -10 -20 -12 -48 -50
-25 -24 -16 -21 -15 -55 -50
-54 -45 -46 -58 -62 -73 -78
-24 -25 -21 -21 -35 -58 -51
-23 -16 -14 -19 -19 -51 -49
-24 -18 -9 -23 -9 -52 -47
0 -42 -41 1 -50 -57 -57
-57 -51 -56 -53 -61 -76 -74
-24 -22 -20 -28 -16 -57 -50
-9 -42 -38 0 -47 -50 -54
-23 -16 -21 -22 -14 -50 -52
-18 -40 -38 -21 -44 -49 -55
-22 -34 -29 -22 -37 -57 -62
-21 -20 -17 -26 -12 -51 -52
-55 -50 -56 -55 -65 -79 -81
-24 -25 -29 -25 -39 -53 -62
-26 -28 -24 -22 -38 -59 -57
-54 -48 -58 -57 -70 -77 -80
-26 -22 -18 -25 -16 -52 -49
-25 -29 -25 -23 -38 -59 -57
-19 -39 -33 -21 -52 -58 -54
-21 -20 -24 -25 -33 -47 -52
-23 -40 -48 -23 -55 -53 -61
-23 -39 -33 -22 -48 -60 -53
-24 -24 -15 -28 -17 -51 -51
-18 -37 -33 -19 -57 -53 -52
-25 -36 -38 -22 -49 -52 -53
-22 -18 -8 -23 -11 -47 -50
-50 -42 -49 -48 -55 -67 -76
-19 -38 -40 -27 -47 -49 -54
-27 -20 -15 -21 -9 -52 -52
-56 -50 -52 -58 -61 -71 -74
-49 -46 -50 -49 -63 -68 -72
-24 -36 -40 -23 -45 -57 -60
-21 -25 -22 -25 -36 -52 -50
-22 -26 -28 -19 -32 -54 -66
-30 -20 -19 -31 -12 -51 -51
-29 -21 -20 -27 -12 -56 -49
-19 -29 -27 -22 -36 -54 -55
-24 -27 -24 -26 -33 -59 -52
-23 -23 -16 -23 -17 -51 -51
-23 -15 -21 -23 -15 -53 -50
-52 -46 -49 -58 -60 -75 -77
-24 -25 -31 -22 -33 -57 -47
-23 -22 -27 -21 -35 -52 -48
-24 -36 -32 -27 -45 -50 -46
-24 -26 -29 -29 -37 -50 -61
-26 -23 -17 -28 -8 -53 -62
-22 -35 -31 -23 -53 -48 -47
-51 -47 -50 -57 -59 -72 -74
-22 -36 -39 -24 -46 -49 -53
-19 -38 -40 -21 -48 -52 -54
-28 -24 -9 -30 -16 -56 -56
-24 -25 -24 -24 -37 -52 -62
-23 -24 -24 -22 -36 -52 -53
-23 -16 -8 -28 -7 -51 -47
-27 -21 -21 -34 -14 -56 -51
-25 -30 -25 -25 -43 -60 -50
-23 -32 -26 -27 -38 -50 -51
-23 -18 -15 -23 -22 -44 -51
-20 -37 -39 -19 -46 -50 -55
-28 -23 -15 -26 -15 -52 -55
-19 -27 -26 -20 -36 -58 -53
-25 -29 -23 -27 -32 -52 -53
-54 -49 -55 -58 -65 -78 -78
-25 -26 -26 -29 -37 -51 -61
-50 -48 -50 -55 -64 -70 -75
-22 -36 -35 -18 -43 -59 -56
-25 -29 -26 -23 -35 -57 -54
-17 -39 -36 -17 -46 -60 -58
0 -44 -41 4 -55 -53 -60
-19 -36 -29 -18 -45 -52 -52
3 -42 -41 -19 -47 -56 -55
-27 -21 -21 -26 -15 -53 -48
-18 -37 -35 -17 -46 -54 -48
-27 -21 -16 -28 -16 -52 -57
-56 -51 -50 -54 -67 -77 -73
-56 -49 -52 -53 -62 -72 -77
-54 -47 -52 -52 -59 -74 -78
-26 -31 -24 -24 -35 -57 -58
-52 -45 -51 -51 -55 -70 -72
-50 -48 -44 -52 -54 -70 -78
-54 -56 -51 -54 -68 -72 -78
-53 -44 -48 -51 -60 -78 -77
-22 -36 -34 -21 -47 -52 -56
-17 -38 -37 -18 -51 -49 -60
-20 -24 -27 -23 -37 -48 -55
-21 -30 -26 -16 -37 -54 -58
-18 -39 -42 -2 -53 -56 -56
-24 -27 -26 -25 -36 -54 -49
-53 -43 -47 -54 -55 -69 -72
-26 -20 -13 -22 -9 -49 -46
-55 -50 -53 -54 -60 -75 -72
-29 -21 -18 -34 -14 -52 -49
-22 -40 -39 -22 -56 -61 -59
-53 -48 -51 -52 -60 -84 -81
-21 -27 -25 -27 -31 -60 -62
-50 -48 -51 -51 -54 -72 -68
-27 -23 -18 -41 -6 -55 -56
-22 -19 -14 -24 -12 -51 -57
-22 -40 -34 -23 -48 -45 -57
-56 -45 -47 -55 -57 -70 -72
-21 -27 -27 -22 -40 -50 -62
-53 -49 -48 -53 -63 -72 -72
-26 -32 -39 -27 -43 -54 -49
-22 -29 -22 -25 -37 -56 -53
-49 -45 -52 -50 -59 -69 -67
-21 -38 -35 -22 -51 -57 -54
-50 -45 -50 -55 -65 -71 -72
-50 -43 -52 -52 -67 -66 -69
-55 -47 -55 -61 -71 -82 -75
-28 -22 -11 -25 -16 -49 -50
-56 -46 -46 -58 -54 -73 -80
-54 -51 -49 -55 -57 -74 -81
-22 -37 -39 -19 -53 -61 -59
-28 -21 -12 -24 -3 -52 -49
-23 -14 -15 -23 -15 -47 -49
-53 -47 -52 -58 -58 -72 -76
-53 -50 -52 -57 -66 -77 -71
-19 -16 -10 -23 -17 -52 -48
-25 -37 -32 -21 -43 -51 -55
-24 -35 -32 -23 -39 -58 -50
-22 -37 -29 -29 -46 -57 -61
-20 -35 -34 -22 -45 -55 -59
-51 -45 -50 -56 -64 -74 -75
-52 -46 -53 -53 -56 -73 -72
-23 -41 -36 -23 -40 -62 -62
-24 -33 -25 -25 -40 -52 -64
0 -39 -45 -16 -54 -47 -57
-19 -26 -26 -16 -32 -56 -51
-28 -15 -8 -25 -14 -52 -49
-23 -38 -38 -20 -54 -49 -52
-23 -16 -19 -23 -16 -52 -51
-59 -46 -54 -52 -65 -70 -76
-50 -40 -48 -49 -56 -67 -70
-57 -60 -54 -60 -70 -79 -77
-64 -52 -56 -56 -68 -80 -81
-22 -23 -28 -33 -34 -51 -54
-20 -35 -36 -25 -52 -59 -57
-26 -29 -28 -24 -35 -51 -55
-32 -36 -42 -25 -56 -58 -59
-25 -22 -21 -30 -13 -57 -50
-23 -39 -45 -22 -55 -48 -47
-53 -45 -51 -52 -62 -77 -71
-20 -19 -14 -23 -26 -48 -50
-18 -37 -32 -23 -48 -54 -51
-23 -14 -19 -23 -18 -52 -51
-28 -19 -19 -22 -15 -53 -52
-24 -39 -33 -23 -51 -59 -57
-18 -37 -41 -19 -45 -52 -55
-34 -42 -47 -30 -46 -61 -57
-22 -19 -21 -28 -11 -49 -53
-51 -44 -51 -53 -64 -72 -73
-26 -35 -24 -25 -40 -52 -62
-51 -48 -51 -57 -67 -73 -71
-18 -33 -34 -19 -52 -53 -46
-17 -26 -28 -21 -39 -52 -59
6 -46 -45 0 -51 -54 -56
-56 -52 -54 -54 -60 -73 -75
-23 -35 -38 -18 -44 -57 -59
-28 -22 -12 -27 -6 -49 -57
-31 -36 -37 -35 -48 -55 -62
-23 -40 -35 -20 -47 -61 -54
-19 -39 -33 -21 -53 -53 -54
-56 -50 -56 -58 -80 -76 -74
1 -38 -39 -17 -53 -51 -56
-19 -37 -37 -22 -55 -54 -56
-58 -47 -56 -59 -60 -74 -73
-51 -49 -47 -56 -59 -70 -77
-24 -20 -12 -25 -13 -56 -46
-22 -39 -33 -28 -47 -57 -61
-17 -39 -35 -16 -46 -58 -58
-30 -21 -19 -29 -15 -52 -52
-53 -40 -47 -54 -58 -69 -71
-20 -37 -33 -23 -54 -52 -55
-24 -19 -6 -27 -17 -55 -43
-25 -27 -26 -23 -41 -51 -58
-1 -44 -38 5 -56 -54 -59
-25 -18 -14 -27 -6 -56 -57
-54 -50 -51 -56 -60 -72 -75
-24 -29 -24 -28 -35 -58 -56
-20 -38 -37 -21 -57 -53 -57
-17 -33 -35 -19 -45 -54 -58
-21 -33 -39 -18 -46 -47 -53
-19 -35 -38 -17 -56 -58 -61
-20 -28 -30 -23 -37 -53 -58
-56 -48 -54 -62 -67 -78 -77
-59 -48 -57 -60 -67 -72 -73
2 -40 -40 5 -50 -58 -72
-36 -25 -24 -29 -32 -62 -57
-18 -29 -30 -20 -34 -49 -51
-26 -31 -23 -25 -39 -51 -52
-23 -40 -38 -22 -55 -51 -55
-47 -44 -55 -52 -63 -75 -72
-25 -28 -28 -27 -38 -58 -51
-22 -17 -12 -22 -18 -52 -53
-21 -23 -8 -24 -20 -51 -49
-19 -36 -37 -24 -45 -53 -60
-24 -26 -22 -24 -38 -50 -62
-51 -45 -48 -51 -57 -71 -79
-24 -27 -26 -28 -39 -50 -58
-25 -34 -24 -25 -39 -53 -62
-22 -31 -23 -29 -37 -54 -54
-26 -23 -16 -33 -10 -55 -62
-24 -26 -30 -24 -33 -49 -52
-56 -41 -42 -48 -61 -71 -70
-52 -47 -58 -52 -60 -73 -78
-22 -32 -32 -19 -46 -53 -60
-25 -22 -20 -31 -14 -59 -52
-24 -24 -10 -18 -13 -45 -47
-54 -50 -55 -57 -63 -75 -81
-22 -15 -20 -23 -18 -51 -51
-23 -29 -26 -13 -38 -59 -53
-26 -29 -23 -23 -40 -53 -54
-21 -41 -39 -24 -57 -60 -56
-26 -17 -12 -25 -14 -49 -50
-21 -27 -22 -32 -36 -51 -53
-56 -47 -51 -57 -65 -80 -81
-19 -40 -38 -20 -45 -57 -56
-28 -23 -9 -29 -15 -57 -56
-27 -39 -37 -30 -49 -59 -66
-22 -26 -24 -26 -40 -54 -56
-27 -20 -15 -28 -13 -52 -53
-25 -19 -19 -30 -25 -47 -56
-20 -37 -36 -24 -45 -60 -53
-22 -25 -26 -22 -37 -50 -56
-52 -48 -49 -53 -58 -69 -67
-20 -30 -23 -18 -33 -55 -57
-62 -53 -56 -59 -74 -76 -77
-52 -43 -51 -52 -59 -71 -75
-24 -28 -23 -23 -32 -52 -58
-22 -20 -24 -25 -35 -62 -53
-51 -45 -52 -56 -61 -73 -79
-61 -55 -54 -60 -74 -76 -78
-24 -36 -28 -27 -42 -57 -52
-2 -38 -37 -19 -43 -61 -54
-31 -44 -41 -25 -60 -61 -63
-57 -48 -56 -60 -69 -76 -76
-27 -39 -41 -25 -53 -56 -61
-21 -31 -25 -26 -34 -61 -56
-26 -25 -21 -23 -35 -54 -53
-25 -30 -26 -22 -34 -61 -58
-51 -48 -57 -51 -59 -78 -80
-26 -32 -21 -30 -39 -53 -50
-16 -43 -34 -9 -43 -49 -51
-18 -38 -35 -25 -45 -47 -52
-18 -39 -43 -20 -45 -61 -53
-21 -18 -18 -23 -15 -52 -51
-23 -14 -9 -27 -13 -48 -50
-24 -18 -17 -28 -11 -49 -50
-24 -27 -27 -27 -35 -58 -51
-60 -50 -61 -58 -66 -73 -73
-20 -25 -29 -29 -35 -56 -56
-19 -40 -39 -19 -55 -57 -53
-22 -14 -7 -20 -19 -47 -51
-32 -37 -40 -25 -55 -57 -62
-28 -30 -22 -34 -14 -53 -57
-26 -29 -24 -23 -34 -56 -54
-24 -24 -18 -26 -32 -57 -49
-24 -30 -24 -24 -38 -53 -53
-54 -49 -50 -56 -65 -77 -75
-53 -47 -52 -54 -56 -74 -80
-19 -18 -7 -24 -15 -48 -52
-20 -37 -35 -19 -54 -53 -55
-24 -31 -32 -25 -37 -51 -57
-22 -27 -25 -29 -33 -58 -46
-22 -35 -37 -19 -53 -57 -56
-24 -20 -23 -22 -32 -53 -58
-29 -16 -12 -27 -12 -55 -52
-24 -20 -8 -17 -10 -51 -52
-23 -36 -34 -19 -50 -55 -59
-57 -50 -55 -59 -59 -88 -74
-28 -22 -9 -30 -12 -53 -57
-9 -41 -38 -20 -44 -57 -61
-20 -29 -27 -24 -36 -54 -59
-20 -23 -26 -20 -36 -49 -52
-21 -32 -26 -18 -47 -54 -54
-30 -45 -40 -26 -56 -61 -60
-21 -35 -38 -30 -48 -51 -54
-22 -37 -31 -24 -43 -59 -51
-27 -20 -16 -29 -11 -46 -56
-23 -26 -26 -27 -40 -51 -59
1 -41 -45 3 -52 -58 -67
-21 -28 -31 -23 -36 -54 -59
-24 -25 -24 -20 -38 -49 -60
-23 -17 -13 -20 -11 -51 -46
-3 -43 -44 2 -58 -56 -56
-22 -18 -13 -24 -19 -55 -57
-50 -42 -55 -48 -60 -71 -71
-21 -15 -13 -28 -16 -52 -45
-24 -36 -31 -23 -45 -51 -46
-27 -22 -10 -30 -13 -57 -57
-23 -42 -47 -33 -54 -56 -60
-25 -21 -18 -31 -16 -53 -50
-21 -27 -29 -22 -39 -54 -53
-21 -25 -27 -20 -34 -53 -59
-55 -48 -51 -61 -60 -77 -74
-20 -20 -4 -26 -14 -50 -50
-27 -32 -25 -36 -35 -49 -54
-25 -38 -41 -19 -46 -56 -59
-19 -40 -35 -25 -58 -48 -51
-51 -45 -48 -57 -55 -72 -74
-19 -38 -38 -17 -51 -55 -51
-50 -48 -53 -52 -59 -71 -74
-23 -16 -20 -23 -15 -53 -51
-48 -44 -45 -52 -64 -77 -72
-30 -16 -12 -35 -19 -52 -51
-24 -21 -29 -26 -34 -53 -52
-50 -45 -51 -56 -57 -71 -81
-21 -19 -21 -23 -12 -49 -48
-23 -39 -46 -24 -56 -51 -52
-22 -40 -31 -23 -57 -53 -52
-21 -38 -40 -19 -46 -58 -54
-57 -48 -52 -52 -64 -72 -81
-54 -50 -52 -59 -62 -72 -78
-30 -39 -38 -31 -46 -69 -58
-55 -42 -48 -58 -59 -75 -73
-18 -37 -36 -18 -49 -47 -55
-54 -49 -55 -57 -61 -72 -82
-22 -27 -28 -22 -36 -54 -60
-30 -40 -38 -20 -47 -49 -58
-26 -32 -24 -14 -32 -51 -50
-22 -30 -25 -24 -33 -62 -56
-52 -50 -54 -51 -60 -78 -79
-49 -45 -50 -53 -59 -70 -78
-49 -42 -50 -54 -60 -72 -71
-24 -27 -25 -30 -35 -52 -52
3 -37 -39 2 -53 -54 -56
-24 -26 -27 -26 -35 -56 -55
-25 -13 -6 -30 -7 -44 -55
-22 -34 -35 -21 -43 -57 -55
-25 -29 -29 -14 -36 -50 -53
-33 -16 -12 -30 -12 -52 -51
-19 -36 -37 -20 -54 -58 -61
-23 -19 -13 -24 -6 -56 -57
-56 -53 -51 -56 -59 -74 -73
-22 -25 -25 -24 -36 -51 -47
-53 -50 -53 -54 -56 -78 -78
-53 -48 -49 -54 -61 -76 -77
-25 -29 -20 -26 -34 -51 -52
-18 -26 -28 -23 -36 -56 -55
-50 -45 -47 -56 -65 -70 -76
-23 -17 -20 -23 -15 -51 -53
-63 -54 -55 -61 -72 -76 -78
-25 -33 -24 -19 -36 -57 -50
-23 -21 -20 -25 -16 -50 -49
-18 -37 -37 -18 -42 -55 -54
-19 -42 -35 -21 -47 -52 -50
-22 -40 -42 -31 -54 -56 -62
-25 -18 -16 -29 -13 -49 -55
-57 -49 -52 -54 -64 -72 -76
-21 -26 -23 -28 -39 -56 -55
-54 -39 -45 -56 -58 -73 -71
-8 -39 -35 -19 -49 -54 -51
-47 -38 -47 -52 -58 -69 -79
-56 -51 -51 -53 -66 -74 -70
-21 -16 -8 -23 -15 -52 -49
-23 -17 -9 -21 -9 -45 -46
-53 -46 -56 -50 -60 -77 -78
3 -37 -44 -7 -53 -49 -50
-18 -37 -35 -28 -45 -50 -53
-21 -29 -23 -18 -34 -53 -53
-22 -35 -32 -22 -42 -51 -56
-55 -47 -52 -64 -57 -79 -74
-25 -18 -12 -22 -11 -55 -52
-29 -18 -10 -29 -15 -55 -53
-24 -25 -24 -28 -39 -51 -62
-22 -25 -25 -26 -38 -50 -58
-30 -21 -19 -29 -12 -55 -51
-53 -41 -48 -50 -63 -73 -75
-26 -31 -24 -23 -35 -57 -54
-21 -38 -37 -23 -44 -51 -57
-23 -15 -21 -23 -16 -51 -50
-30 -45 -37 -24 -53 -63 -61
-25 -20 -13 -24 -16 -55 -49
-24 -29 -24 -31 -31 -53 -59
-48 -44 -47 -49 -59 -66 -71
-24 -42 -38 -26 -56 -58 -62
-28 -20 -15 -29 -13 -55 -58
-23 -33 -46 -31 -41 -61 -65
-54 -42 -49 -54 -59 -72 -78
-24 -33 -30 -27 -37 -57 -56
-20 -37 -38 -18 -46 -52 -48
-18 -36 -36 -18 -44 -53 -52
-22 -36 -31 -25 -44 -52 -47
-57 -50 -56 -59 -66 -79 -75
-31 -20 -16 -28 -15 -53 -49
-53 -46 -49 -53 -58 -72 -68
-19 -33 -25 -28 -34 -58 -58
-22 -20 -8 -24 -11 -48 -49
-22 -20 -16 -22 -12 -51 -49
-19 -17 -15 -26 -20 -49 -51
-47 -45 -49 -53 -59 -68 -72
-19 -20 -12 -24 -19 -48 -48
-23 -16 -21 -23 -14 -52 -52
-21 -31 -28 -22 -33 -53 -56
-20 -30 -30 -25 -42 -52 -50
-21 -19 -14 -27 -14 -53 -43
-51 -46 -51 -50 -58 -72 -78
-23 -15 -20 -22 -15 -59 -48
-55 -43 -48 -52 -57 -73 -72
-52 -50 -53 -52 -57 -71 -79
-25 -29 -24 -23 -38 -60 -55
-20 -24 -11 -22 -10 -44 -46
-19 -38 -37 -20 -53 -57 -60
-17 -40 -32 -17 -44 -54 -49
-22 -23 -24 -23 -35 -48 -48
-55 -51 -54 -54 -63 -77 -75
-21 -24 -26 -21 -37 -54 -52
-31 -21 -19 -29 -13 -52 -51
-52 -47 -57 -56 -62 -76 -79
-29 -37 -34 -31 -41 -60 -53
-48 -49 -56 -53 -68 -71 -78
-51 -46 -49 -48 -66 -65 -73
-22 -22 -26 -20 -30 -53 -50
-21 -33 -32 -25 -45 -53 -48
-49 -45 -43 -52 -65 -66 -73
-53 -49 -50 -50 -58 -71 -68
-19 -43 -43 -19 -53 -50 -55
-23 -25 -25 -23 -40 -51 -62
-20 -38 -35 -29 -43 -54 -65
-23 -36 -41 -23 -42 -58 -56
-22 -24 -31 -18 -38 -56 -57
-21 -27 -26 -24 -34 -50 -53
-23 -22 -12 -29 -17 -47 -54
-21 -21 -14 -23 -18 -49 -45
-25 -40 -32 -27 -53 -50 -56
-50 -44 -55 -51 -59 -73 -72
-28 -18 -16 -22 -16 -53 -52
-19 -14 -15 -25 -12 -46 -43
-28 -41 -37 -31 -51 -56 -66
-54 -49 -53 -62 -65 -83 -85
-24 -32 -24 -21 -40 -52 -52
-22 -19 -17 -23 -16 -45 -48
-20 -32 -31 -24 -51 -55 -59
-17 -35 -44 -17 -50 -52 -51
-20 -18 -11 -23 -16 -48 -55
-50 -40 -44 -50 -53 -72 -74
-28 -24 -17 -24 -12 -53 -53
-20 -45 -43 -25 -46 -58 -58
-25 -20 -12 -26 -18 -52 -50
-55 -46 -53 -57 -56 -76 -72
-22 -37 -38 -23 -52 -56 -55
-22 -39 -39 -25 -50 -71 -54
-22 -26 -28 -25 -30 -59 -59
-17 -34 -37 -20 -44 -48 -67
-24 -37 -39 -20 -53 -53 -58
-24 -16 -13 -25 -15 -49 -45
-29 -16 -10 -28 -13 -52 -51
-56 -44 -44 -48 -55 -78 -71
-57 -51 -53 -53 -61 -73 -76
-57 -49 -49 -59 -64 -76 -69
-20 -36 -33 -19 -48 -56 -58
-16 -28 -26 -25 -33 -51 -59
-19 -27 -23 -27 -32 -54 -50
-51 -42 -52 -54 -55 -77 -72
-28 -18 -20 -30 -16 -52 -49
-28 -23 -17 -27 -16 -51 -47
-25 -21 -15 -20 -10 -52 -49
-21 -28 -27 -21 -40 -58 -54
-26 -31 -23 -21 -37 -61 -53
-24 -41 -39 -33 -44 -54 -58
-24 -16 -12 -25 -12 -47 -48
-23 -32 -28 -20 -45 -52 -53
-24 -21 -20 -28 -16 -48 -52
-23 -13 -8 -25 -9 -53 -53
-21 -33 -46 -20 -53 -60 -60
-19 -35 -33 -19 -48 -53 -57
-20 -40 -36 -20 -49 -54 -53
-22 -15 -10 -22 -14 -43 -51
-50 -46 -54 -58 -57 -73 -77
-22 -41 -41 -21 -55 -53 -54
-23 -20 -20 -29 -13 -56 -52
-23 -35 -31 -20 -53 -51 -57
-48 -45 -50 -54 -56 -71 -71
-49 -45 -53 -57 -67 -74 -77
-49 -41 -46 -45 -52 -75 -78
-55 -49 -51 -59 -57 -77 -79
-25 -35 -33 -24 -55 -53 -48
-22 -36 -34 -20 -42 -51 -57
-19 -36 -37 -19 -49 -53 -52
-53 -43 -50 -53 -55 -71 -72
-24 -40 -45 -23 -57 -51 -49
-50 -49 -53 -58 -56 -71 -74
-19 -31 -39 -24 -44 -46 -53
-48 -44 -50 -55 -62 -71 -70
-23 -25 -25 -20 -38 -50 -62
-25 -27 -22 -25 -31 -54 -55
-28 -33 -23 -28 -36 -61 -60
-31 -17 -10 -28 -12 -52 -51
-23 -17 -21 -24 -15 -53 -59
-58 -47 -53 -61 -60 -77 -75
-22 -23 -24 -17 -33 -56 -52
-27 -40 -41 -24 -48 -63 -57
-52 -49 -51 -55 -64 -72 -73
-25 -37 -37 -21 -51 -49 -53
-22 -31 -22 -24 -32 -62 -52
-23 -30 -26 -22 -40 -56 -55
-24 -14 -15 -26 -13 -51 -48
-49 -46 -49 -52 -58 -69 -71
-48 -47 -50 -50 -55 -70 -69
-18 -29 -28 -19 -41 -52 -51
-19 -29 -26 -26 -34 -60 -50
-19 -29 -30 -28 -39 -55 -58
-20 -18 -12 -21 -15 -48 -53
-21 -14 -11 -22 -10 -52 -52
-22 -20 -20 -28 -14 -46 -51
-51 -50 -52 -53 -59 -72 -76
-55 -48 -53 -59 -62 -76 -76
-52 -47 -49 -58 -59 -71 -72
-20 -19 -18 -25 -10 -43 -43
-55 -45 -52 -54 -56 -79 -77
-25 -16 -12 -25 -9 -54 -52
-20 -33 -32 -28 -43 -52 -58
-22 -34 -28 -22 -35 -57 -62
-20 -34 -44 -19 -51 -55 -53
-18 -36 -38 -17 -43 -52 -61
-23 -18 -13 -24 -10 -50 -51
-30 -31 -29 -28 -44 -57 -60
-54 -48 -48 -56 -66 -74 -67
-25 -30 -23 -25 -33 -51 -52
-23 -38 -42 -21 -54 -56 -48
-54 -54 -48 -59 -62 -70 -73
-31 -38 -40 -24 -59 -58 -60
-48 -47 -49 -49 -57 -76 -71
-20 -29 -30 -25 -35 -52 -60
-27 -40 -37 -28 -51 -57 -55
-54 -51 -51 -58 -67 -76 -75
-28 -39 -37 -26 -47 -68 -59
-22 -21 -10 -20 -7 -53 -49
-21 -16 -12 -22 -15 -50 -51
-23 -19 -19 -26 -11 -55 -48
-55 -45 -47 -56 -65 -76 -78
-23 -23 -13 -26 -11 -46 -45
-24 -25 -22 -23 -36 -52 -52
-17 -36 -41 -28 -44 -48 -52
-53 -48 -52 -54 -56 -74 -73
-21 -38 -37 -21 -50 -56 -55
-19 -36 -35 -18 -47 -58 -54
-53 -51 -57 -59 -71 -77 -82
-23 -14 -23 -23 -19 -49 -51
-32 -38 -45 -27 -53 -58 -60
-24 -36 -24 -25 -39 -52 -62
-56 -45 -48 -57 -61 -73 -71
-24 -33 -36 -23 -49 -54 -59
-19 -43 -37 -22 -45 -52 -49
-22 -19 -19 -18 -13 -42 -43
-52 -45 -51 -53 -57 -70 -76
-54 -45 -46 -55 -63 -75 -72
-22 -22 -15 -21 -13 -50 -54
-32 -40 -39 -24 -58 -56 -62
-18 -42 -39 -19 -50 -48 -59
-19 -28 -21 -25 -35 -53 -52
-54 -49 -56 -57 -69 -72 -79
-25 -26 -23 -25 -36 -57 -61
-23 -21 -14 -23 -14 -53 -44
-22 -26 -26 -24 -37 -52 -53
-26 -41 -45 -24 -54 -61 -62
-25 -37 -36 -24 -40 -53 -54
-19 -14 -13 -24 -9 -50 -51
-25 -28 -25 -16 -34 -59 -56
-59 -54 -59 -55 -65 -77 -75
-58 -47 -56 -59 -73 -87 -80
-25 -26 -18 -33 -10 -57 -62
-62 -55 -55 -61 -69 -79 -85
-54 -48 -52 -56 -64 -75 -75
-26 -26 -24 -23 -39 -55 -55
-23 -35 -30 -18 -35 -54 -51
-59 -48 -51 -52 -64 -78 -78
-21 -36 -37 -19 -53 -46 -49
-24 -36 -37 -31 -49 -62 -56
-20 -15 -7 -23 -11 -47 -53
-21 -36 -35 -27 -50 -60 -63
-20 -40 -41 -19 -48 -56 -49
-18 -42 -35 -18 -45 -52 -59
-19 -21 -7 -23 -17 -45 -49
-60 -50 -50 -56 -69 -77 -78
-24 -33 -28 -26 -45 -58 -51
-20 -31 -22 -18 -39 -58 -52
-27 -22 -11 -30 -12 -57 -56
-24 -26 -25 -28 -41 -51 -64
-26 -27 -16 -34 -12 -51 -51
-24 -17 -14 -30 -3 -50 -50
-21 -34 -35 -18 -43 -49 -52
-22 -17 -10 -23 -14 -50 -54
-47 -46 -50 -59 -65 -75 -70
-22 -21 -9 -22 -6 -52 -52
-21 -40 -36 -21 -44 -53 -59
-23 -21 -16 -35 -13 -56 -52
-18 -23 -25 -26 -34 -48 -52
-25 -29 -24 -21 -37 -60 -57
-23 -15 -21 -24 -13 -51 -52
-47 -41 -49 -54 -59 -74 -74
0 -44 -38 3 -53 -52 -61
-22 -18 -10 -19 -14 -51 -55
-24 -19 -11 -23 -18 -55 -44
-23 -34 -39 -23 -45 -55 -50
-17 -38 -34 -18 -54 -51 -49
-50 -47 -52 -57 -62 -74 -73
-21 -35 -33 -22 -46 -49 -46
-53 -46 -48 -53 -61 -73 -77
-47 -47 -53 -55 -61 -70 -77
-25 -20 -16 -22 -16 -46 -49
-24 -21 -16 -23 -11 -52 -49
-47 -49 -51 -50 -57 -71 -68
-54 -49 -52 -58 -60 -77 -76
-55 -50 -59 -58 -65 -73 -73
-20 -33 -36 -27 -49 -54 -58
-53 -46 -52 -51 -54 -75 -71
-19 -27 -26 -21 -37 -51 -52
-26 -27 -26 -33 -33 -59 -64
-58 -56 -58 -59 -66 -78 -75
-51 -44 -50 -55 -61 -71 -81
-22 -29 -11 -35 -15 -50 -47
-27 -22 -16 -23 -15 -52 -58
-24 -15 -17 -27 -6 -51 -46
-19 -33 -29 -20 -39 -56 -58
-23 -17 -19 -24 -15 -51 -51
-27 -22 -14 -21 -10 -55 -57
-23 -19 -12 -23 -10 -50 -47
-22 -34 -32 -23 -46 -51 -48
-23 -19 -12 -23 -16 -50 -49
-26 -25 -24 -26 -37 -53 -54
-25 -20 -19 -27 -11 -49 -53
-21 -38 -36 -30 -43 -60 -49
-23 -15 -19 -23 -17 -52 -52
-26 -37 -43 -23 -48 -54 -50
-53 -49 -53 -56 -66 -81 -72
-22 -25 -16 -25 -17 -49 -52
-22 -32 -29 -23 -36 -53 -64
-25 -30 -34 -32 -32 -58 -58
-23 -16 -21 -24 -18 -55 -53
-54 -46 -54 -59 -68 -78 -80
-52 -47 -53 -58 -57 -72 -79
-24 -26 -23 -24 -39 -50 -61
-54 -51 -60 -56 -62 -76 -77
-22 -15 -13 -25 -12 -52 -49
1 -44 -36 -4 -47 -52 -54
-25 -25 -13 -22 -18 -58 -49
-52 -45 -55 -54 -59 -74 -72
-30 -40 -39 -27 -55 -68 -74
-23 -20 -14 -24 -16 -45 -49
-24 -34 -38 -25 -46 -58 -56
-51 -49 -51 -52 -64 -75 -79
-28 -33 -24 -26 -36 -58 -60
-24 -24 -25 -25 -36 -57 -51
6 -38 -40 2 -52 -57 -61
-20 -30 -29 -24 -37 -53 -59
-20 -30 -22 -19 -36 -57 -59
-28 -23 -19 -30 -8 -57 -56
-22 -41 -39 -25 -56 -47 -48
-23 -29 -20 -25 -31 -61 -49
0 -39 -45 2 -54 -55 -48
-28 -22 -15 -23 -4 -52 -51
-21 -19 -9 -23 -14 -49 -49
-17 -41 -39 -9 -43 -53 -58
-23 -20 -14 -26 -11 -51 -54
-53 -51 -52 -57 -60 -71 -77
-23 -15 -21 -23 -17 -51 -56
-17 -36 -37 -22 -43 -61 -55
-26 -17 -19 -29 -13 -51 -51
-19 -21 -13 -16 -17 -46 -50
-21 -36 -43 -25 -57 -46 -56
-20 -14 -15 -24 -22 -45 -48
-24 -36 -34 -22 -43 -55 -53
-26 -35 -30 -22 -34 -61 -60
-26 -21 -8 -25 -8 -53 -51
-16 -44 -39 -18 -43 -53 -53
-24 -36 -36 -25 -41 -56 -54
-16 -30 -33 -19 -52 -60 -51
-29 -20 -13 -25 -8 -52 -55
-24 -21 -14 -27 -13 -51 -50
-27 -40 -44 -22 -55 -52 -49
-57 -49 -55 -58 -62 -76 -78
-46 -44 -48 -58 -55 -71 -69
-25 -30 -24 -28 -38 -58 -58
-24 -24 -32 -19 -33 -53 -55
-27 -23 -17 -34 -10 -50 -52
-19 -38 -37 -27 -46 -43 -51
-19 -33 -27 -23 -35 -52 -47
-54 -49 -57 -59 -66 -81 -84
-52 -45 -45 -58 -51 -72 -74
-20 -27 -24 -20 -39 -61 -53
-20 -26 -28 -30 -35 -53 -51
-52 -49 -49 -53 -57 -72 -72
-20 -16 -14 -21 -17 -51 -50
-22 -20 -11 -26 0 -49 -48
-22 -25 -31 -19 -30 -50 -50
-25 -21 -15 -20 -13 -52 -49
-23 -27 -22 -19 -37 -58 -50
-25 -29 -25 -22 -34 -59 -54
-18 -33 -29 -27 -32 -57 -58
-20 -31 -29 -17 -37 -53 -58
-48 -47 -51 -49 -61 -70 -75
-27 -18 -16 -23 -8 -50 -56
-27 -26 -27 -23 -36 -52 -50
-20 -35 -35 -20 -48 -52 -51
-21 -39 -32 -17 -45 -52 -61
-17 -36 -36 -17 -41 -55 -52
-23 -15 -18 -24 -14 -51 -50
-55 -46 -54 -57 -67 -79 -74
-22 -21 -13 -28 -13 -53 -45
-22 -32 -34 -30 -50 -55 -53
-24 -25 -25 -23 -42 -51 -59
-19 -18 -10 -24 -14 -48 -50
-19 -31 -27 -21 -36 -51 -48
-1 -39 -41 -20 -48 -54 -53
-57 -53 -55 -59 -64 -80 -74
-24 -23 -14 -22 -9 -51 -53
-23 -17 -21 -23 -14 -52 -52
-19 -33 -27 -21 -36 -53 -56
-18 -28 -27 -20 -36 -51 -53
-25 -35 -28 -25 -40 -56 -48
-20 -37 -38 -24 -48 -54 -57
-21 -41 -31 -19 -50 -52 -54
-8 -37 -37 -20 -53 -53 -52
-50 -46 -47 -55 -60 -74 -75
-54 -50 -52 -52 -57 -70 -71
-27 -21 -19 -27 -13 -52 -45
-56 -47 -54 -57 -71 -74 -79
-25 -27 -25 -22 -36 -59 -54
-27 -20 -17 -24 -13 -52 -52
-53 -48 -45 -57 -62 -72 -74
-54 -48 -54 -55 -64 -77 -72
-17 -40 -37 -18 -44 -52 -55
-18 -38 -44 -18 -62 -53 -51
-23 -27 -24 -23 -39 -60 -58
-53 -49 -52 -59 -61 -76 -77
-23 -17 -21 -26 -19 -52 -49
-24 -35 -32 -25 -41 -58 -51
-23 -15 -18 -23 -19 -51 -52
-64 -54 -56 -61 -71 -80 -84
-21 -28 -26 -24 -36 -55 -59
-23 -29 -27 -23 -44 -52 -50
-53 -50 -53 -54 -65 -77 -72
-21 -36 -37 -19 -43 -59 -61
-24 -28 -19 -27 -36 -57 -52
-29 -16 -10 -29 -13 -52 -51
-51 -48 -54 -53 -63 -76 -77
-23 -15 -13 -27 -9 -50 -47
-22 -36 -34 -17 -50 -53 -58
-26 -21 -14 -26 -13 -57 -50
-23 -28 -25 -20 -38 -56 -64
-23 -20 -5 -18 -10 -53 -52
-28 -23 -15 -31 -7 -52 -56
-49 -47 -52 -57 -66 -75 -69
-19 -41 -39 -18 -46 -48 -52
-53 -42 -44 -51 -58 -69 -76
-49 -50 -47 -55 -59 -73 -78
-27 -34 -24 -17 -36 -52 -49
2 -41 -42 -17 -51 -63 -60
-53 -47 -48 -54 -60 -78 -82
-49 -50 -50 -56 -56 -73 -85
-59 -48 -58 -59 -66 -74 -74
-20 -37 -30 -24 -37 -58 -51
-25 -16 -7 -24 -11 -53 -49
-24 -21 -19 -29 -15 -58 -50
-19 -27 -20 -24 -30 -53 -46
-23 -25 -26 -26 -40 -59 -58
-50 -45 -49 -50 -54 -72 -71
-25 -18 -15 -27 -8 -51 -52
-27 -35 -33 -18 -60 -54 -58
-32 -21 -18 -28 -15 -53 -51
-26 -28 -25 -19 -36 -59 -58
-25 -37 -45 -19 -46 -49 -58
-19 -26 -27 -19 -36 -52 -55
-24 -25 -23 -29 -40 -52 -64
-24 -20 -21 -29 -13 -49 -53
-21 -19 -14 -21 -13 -48 -49
-21 -25 -18 -28 -12 -51 -55
-23 -17 -13 -23 -9 -53 -52
-22 -22 -26 -21 -36 -57 -61
-57 -46 -54 -56 -59 -76 -81
-24 -28 -29 -22 -31 -57 -57
-22 -29 -30 -24 -38 -60 -54
-19 -38 -40 -18 -62 -54 -52
-18 -40 -41 -18 -51 -53 -59
-20 -34 -38 -26 -47 -53 -57
-52 -51 -51 -56 -58 -73 -69
-23 -15 -20 -25 -14 -50 -50
-28 -21 -11 -22 -10 -53 -50
-23 -25 -27 -28 -37 -56 -47
-20 -22 -12 -24 -15 -49 -49
-28 -24 -8 -30 -16 -55 -56
-28 -22 -13 -28 -13 -56 -55
-48 -48 -50 -52 -58 -71 -74
-25 -16 -13 -20 -10 -48 -47
-20 -37 -26 -27 -33 -56 -57
-53 -44 -55 -56 -60 -76 -76
-28 -26 -25 -29 -31 -58 -61
-56 -51 -53 -59 -60 -75 -80
-24 -18 -14 -34 -12 -48 -48
-24 -16 -15 -19 -12 -50 -54
-53 -47 -50 -49 -58 -69 -70
-25 -27 -28 -28 -33 -47 -51
-24 -30 -25 -22 -33 -57 -56
-26 -25 -16 -33 -6 -52 -56
-29 -26 -13 -31 -9 -52 -58
-22 -23 -8 -21 -18 -46 -53
-59 -49 -56 -56 -67 -78 -73
-23 -31 -27 -23 -38 -52 -62
-23 -20 -13 -22 -16 -52 -48
-24 -26 -25 -28 -40 -51 -61
-24 -35 -26 -24 -37 -59 -52
-25 -16 -13 -32 -9 -49 -56
-53 -50 -54 -55 -61 -75 -75
-25 -20 -11 -24 -12 -47 -51
-20 -18 -7 -24 -14 -50 -49
-25 -27 -26 -24 -34 -56 -54
-22 -20 -15 -29 -17 -51 -51
-25 -22 -22 -31 -14 -60 -49
-51 -48 -49 -50 -61 -67 -71
-52 -50 -56 -54 -65 -80 -78
-18 -43 -39 -9 -53 -55 -52
-23 -29 -29 -33 -33 -51 -59
-18 -40 -34 -8 -43 -52 -52
-21 -25 -27 -25 -36 -53 -50
-53 -48 -51 -55 -58 -71 -79
4 -37 -40 -18 -49 -54 -56
-57 -46 -55 -62 -66 -85 -74
-55 -45 -56 -54 -62 -76 -80
-22 -24 -23 -26 -37 -52 -51
-18 -38 -38 -19 -41 -48 -57
-54 -46 -53 -57 -67 -80 -76
-22 -27 -23 -25 -33 -58 -61
-23 -26 -26 -28 -40 -51 -62
-27 -17 -11 -22 -10 -54 -45
-16 -35 -34 -1 -47 -57 -51
-50 -46 -52 -56 -59 -75 -75
-58 -52 -54 -56 -62 -72 -78
-16 -36 -38 -24 -50 -58 -57
-20 -28 -31 -23 -33 -54 -57
-55 -48 -54 -50 -59 -73 -74
-27 -28 -23 -22 -33 -57 -54
-27 -22 -18 -31 -7 -52 -62
-22 -37 -26 -25 -36 -46 -51
-53 -49 -50 -57 -59 -78 -79
-51 -42 -50 -54 -59 -72 -67
-33 -27 -23 -23 -33 -57 -58
1 -56 -42 3 -55 -53 -62
-54 -44 -51 -59 -58 -78 -76
-25 -37 -36 -29 -49 -59 -61
-30 -22 -11 -32 -11 -52 -55
-28 -36 -35 -30 -53 -60 -55
-22 -16 -13 -24 -11 -51 -56
-28 -21 -17 -30 -12 -56 -51
-22 -41 -49 -32 -50 -61 -60
-28 -21 -18 -33 -7 -52 -56
-20 -34 -41 -30 -49 -46 -57
-18 -10 -12 -19 -12 -48 -49
-53 -47 -50 -59 -65 -86 -75
-24 -31 -24 -24 -35 -52 -59
-25 -16 -12 -21 -11 -49 -49
-56 -51 -53 -54 -66 -76 -73
-59 -55 -57 -64 -72 -77 -74
-21 -15 -11 -25 -14 -54 -52
-54 -49 -53 -56 -59 -72 -65
-50 -50 -49 -53 -55 -69 -72
-19 -25 -24 -28 -33 -53 -49
-30 -23 -16 -27 -23 -52 -51
-52 -48 -54 -58 -63 -68 -73
-25 -18 -9 -30 -9 -52 -51
-25 -37 -34 -24 -42 -56 -49
-22 -38 -39 -17 -66 -52 -48
-27 -18 -14 -19 -14 -49 -43
-19 -28 -26 -25 -30 -54 -59
-19 -41 -36 -21 -54 -57 -52
-22 -15 -15 -20 -18 -49 -47
-23 -27 -24 -19 -36 -52 -57
-25 -21 -18 -29 -16 -53 -52
-26 -27 -32 -27 -35 -54 -55
-25 -22 -14 -23 -16 -48 -48
-53 -54 -53 -56 -59 -78 -77
-22 -29 -24 -27 -38 -52 -51
-52 -47 -55 -52 -63 -74 -77
-23 -41 -35 -22 -51 -62 -60
-53 -54 -48 -60 -62 -73 -73
-24 -25 -24 -27 -34 -52 -49
-52 -49 -55 -52 -55 -69 -73
-56 -47 -46 -56 -59 -76 -84
-25 -27 -24 -22 -36 -60 -57
-28 -19 -16 -38 -17 -53 -44
-26 -39 -35 -28 -49 -60 -61
-22 -24 -14 -25 -14 -51 -42
-23 -19 -10 -30 -14 -50 -55
-23 -20 -22 -30 -15 -56 -52
-65 -53 -57 -61 -67 -80 -78
-22 -19 -15 -25 -8 -52 -50
-52 -45 -55 -50 -59 -77 -79
-56 -48 -51 -55 -65 -72 -81
-28 -27 -20 -28 -11 -56 -47
-17 -40 -36 -18 -51 -51 -55
-22 -25 -26 -27 -38 -50 -61
-24 -17 -12 -25 -10 -49 -49
-26 -26 -23 -28 -32 -59 -54
-22 -25 -29 -21 -28 -54 -55
-1 -42 -38 -18 -45 -52 -57
-26 -27 -29 -25 -36 -54 -58
-20 -31 -23 -28 -37 -49 -47
-22 -21 -19 -30 -15 -52 -51
-53 -47 -54 -57 -65 -73 -71
-22 -25 -30 -27 -32 -58 -61
-55 -47 -52 -57 -62 -73 -72
-22 -21 -14 -24 -11 -48 -50
-48 -45 -48 -52 -53 -71 -70
-19 -22 -24 -18 -35 -52 -52
-25 -25 -15 -26 -18 -49 -55
-48 -50 -49 -57 -58 -69 -73
-30 -38 -36 -21 -49 -60 -64
-52 -54 -49 -57 -65 -78 -73
-20 -17 -7 -25 -22 -44 -49
-25 -23 -16 -19 -12 -55 -48
-24 -16 -9 -22 -15 -51 -44
-23 -18 -13 -22 -16 -47 -57
-19 -20 -20 -23 -38 -52 -57
-51 -50 -49 -54 -63 -73 -70
-47 -41 -47 -53 -52 -70 -76
-21 -36 -37 -19 -46 -52 -52
-19 -31 -26 -21 -33 -52 -52
-25 -28 -25 -25 -35 -55 -57
-18 -33 -32 -25 -30 -56 -58
-20 -40 -35 -22 -45 -59 -52
-20 -42 -39 -20 -47 -61 -58
7 -45 -47 0 -52 -54 -55
-25 -29 -26 -26 -43 -53 -51
-22 -35 -25 -22 -36 -55 -56
-22 -28 -22 -22 -33 -54 -54
-22 -26 -23 -28 -37 -52 -59
-53 -42 -45 -51 -65 -65 -73
-24 -36 -31 -23 -50 -53 -59
-57 -48 -48 -55 -60 -75 -81
-56 -47 -56 -54 -59 -73 -84
-25 -20 -21 -29 -18 -49 -52
-26 -39 -44 -23 -57 -47 -50
-25 -30 -31 -30 -41 -59 -56
-24 -28 -32 -24 -31 -60 -54
-49 -44 -52 -53 -55 -69 -72
-25 -23 -25 -22 -36 -53 -58
-23 -41 -47 -29 -57 -50 -48
-59 -47 -56 -58 -67 -78 -76
-23 -37 -40 -25 -42 -53 -54
-21 -33 -30 -25 -34 -58 -57
-56 -47 -54 -62 -68 -80 -76
-18 -26 -28 -22 -36 -51 -54
-51 -44 -50 -55 -56 -67 -72
-23 -41 -21 -29 -36 -53 -50
-25 -21 -21 -30 -19 -47 -51
-27 -22 -18 -33 -7 -55 -56
-57 -48 -55 -52 -60 -73 -79
-22 -38 -35 -32 -53 -61 -60
-19 -31 -28 -22 -37 -51 -57
-20 -44 -39 -23 -59 -47 -50
-27 -37 -36 -25 -53 -71 -59
-20 -19 -9 -23 -16 -48 -50
-30 -18 -17 -35 -12 -56 -55
-21 -17 -9 -18 -16 -48 -46
-22 -19 -14 -18 -12 -44 -50
-26 -40 -40 -23 -57 -52 -46
-30 -43 -40 -26 -57 -62 -71
-52 -47 -56 -50 -59 -77 -79
-54 -49 -57 -54 -59 -78 -74
-25 -16 -13 -22 -15 -55 -48
-51 -47 -47 -54 -56 -71 -74
-23 -26 -25 -28 -40 -50 -61
-24 -30 -27 -28 -35 -60 -54
-27 -40 -36 -28 -51 -69 -59
-25 -18 -12 -28 -13 -53 -45
-52 -48 -56 -50 -58 -77 -78
-23 -16 -20 -22 -19 -52 -51
-57 -47 -51 -54 -65 -78 -84
-29 -42 -38 -30 -67 -67 -63
-19 -32 -35 -24 -47 -54 -53
-29 -24 -20 -24 -44 -52 -48
-53 -55 -53 -56 -66 -73 -77
-26 -28 -28 -26 -39 -52 -59
-25 -26 -27 -22 -36 -58 -52
-21 -39 -30 -24 -43 -54 -53
-48 -46 -49 -55 -56 -78 -70
-18 -23 -30 -22 -36 -54 -55
-58 -52 -54 -55 -62 -76 -75
-24 -35 -35 -24 -45 -54 -54
-53 -44 -52 -50 -65 -75 -72
-21 -26 -24 -16 -37 -47 -50
-28 -19 -19 -30 -13 -52 -52
-25 -36 -37 -23 -50 -53 -56
-23 -21 -17 -22 -19 -49 -50
-19 -33 -36 -25 -42 -51 -52
-27 -40 -47 -20 -47 -48 -52
-21 -30 -24 -24 -33 -52 -53
-22 -45 -46 -32 -46 -57 -60
-21 -30 -33 -20 -45 -51 -71
-52 -47 -51 -49 -58 -70 -73
-17 -38 -39 -16 -42 -55 -62
-19 -38 -35 -25 -45 -54 -59
-16 -37 -37 -18 -44 -52 -53
-62 -53 -54 -60 -66 -76 -78
-19 -16 -9 -26 -10 -51 -49
-22 -29 -18 -15 -39 -56 -53
-53 -49 -48 -56 -61 -73 -82
-24 -33 -32 -19 -41 -51 -56
-53 -48 -51 -56 -63 -74 -78
-24 -28 -24 -22 -34 -55 -54
-28 -12 -18 -22 -16 -44 -52
-22 -33 -29 -23 -36 -57 -60
-27 -17 -23 -26 -9 -52 -50
-32 -39 -40 -26 -64 -57 -60
-18 -39 -38 -19 -51 -59 -54
-57 -50 -55 -58 -68 -78 -76
-29 -25 -20 -31 -14 -53 -55
-52 -50 -53 -56 -57 -72 -74
-26 -22 -16 -27 -14 -51 -52
-22 -25 -21 -25 -35 -51 -48
-19 -35 -39 -20 -53 -50 -46
-19 -31 -27 -22 -35 -54 -61
-22 -38 -38 -20 -48 -59 -56
-51 -47 -49 -56 -61 -71 -78
-22 -25 -27 -25 -33 -56 -52
-30 -40 -40 -26 -53 -59 -61
-19 -19 -25 -25 -30 -50 -55
-55 -49 -50 -52 -61 -75 -77
-51 -43 -42 -50 -64 -70 -72
-22 -35 -32 -22 -44 -51 -47
-23 -40 -42 -29 -52 -64 -56
-23 -26 -25 -28 -41 -51 -59
-21 -23 -27 -24 -32 -50 -48
-25 -26 -24 -28 -38 -51 -61
-19 -21 -25 -25 -35 -50 -53
8 -40 -36 0 -52 -54 -55
-54 -48 -57 -54 -59 -73 -73
-20 -42 -39 -21 -52 -52 -56
-23 -23 -16 -24 -15 -51 -50
-24 -31 -29 -21 -34 -52 -55
-28 -22 -14 -29 -14 -55 -49
-57 -47 -50 -53 -58 -71 -69
4 -38 -39 -17 -50 -59 -54
-24 -22 -17 -19 -17 -47 -48
-23 -19 -18 -28 -8 -50 -50
-53 -48 -50 -63 -64 -77 -73
-58 -50 -53 -57 -71 -87 -73
-20 -31 -29 -24 -43 -54 -59
-20 -28 -28 -22 -40 -58 -53
-25 -29 -23 -25 -33 -53 -53
-21 -34 -38 -18 -46 -50 -51
-53 -44 -50 -53 -57 -73 -78
-50 -44 -49 -57 -56 -73 -69
-25 -21 -14 -23 -10 -55 -53
-22 -14 -18 -24 -17 -50 -53
-54 -42 -41 -54 -58 -74 -70
-25 -21 -29 -26 -35 -51 -54
-60 -52 -53 -53 -66 -76 -75
-56 -45 -51 -55 -56 -78 -73
-30 -20 -20 -30 -13 -53 -51
-26 -17 -16 -23 -12 -51 -56
-25 -42 -37 -28 -53 -58 -61
-31 -16 -10 -30 -11 -53 -51
-59 -54 -56 -65 -72 -75 -80
-25 -23 -26 -27 -41 -49 -58
-23 -20 -17 -24 -13 -49 -48
-20 -17 -6 -25 -13 -47 -47
-25 -21 -25 -27 -36 -51 -53
-25 -24 -14 -27 -9 -52 -55
-26 -34 -33 -18 -60 -54 -59
-52 -44 -44 -52 -54 -68 -72
-22 -36 -36 -27 -53 -58 -56
-17 -35 -37 -29 -43 -48 -53
-22 -16 -21 -24 -16 -50 -52
-27 -28 -23 -21 -37 -53 -51
-52 -45 -51 -52 -65 -78 -74
-26 -40 -45 -21 -62 -53 -54
-22 -27 -25 -25 -36 -56 -58
-25 -22 -17 -21 -9 -50 -54
-22 -21 -10 -19 -14 -51 -49
-21 -38 -35 -28 -39 -55 -59
-25 -25 -25 -22 -35 -53 -53
-49 -47 -42 -50 -56 -72 -75
-56 -51 -56 -57 -64 -75 -84
-16 -25 -12 -24 -15 -44 -44
1 -35 -39 1 -52 -59 -55
-19 -41 -39 -20 -51 -50 -55
-31 -28 -11 -28 -14 -52 -55
-55 -57 -45 -58 -61 -74 -73
-19 -32 -32 -18 -40 -51 -57
-57 -44 -50 -53 -60 -72 -70
-22 -37 -31 -22 -43 -51 -48
-20 -38 -30 -21 -45 -52 -55
-33 -39 -41 -27 -59 -57 -63
-53 -42 -52 -62 -58 -70 -71
-57 -46 -51 -60 -57 -76 -78
-22 -26 -23 -21 -40 -51 -61
-57 -43 -54 -54 -59 -71 -78
-21 -18 -12 -19 -11 -46 -50
-18 -41 -37 -18 -47 -48 -52
-22 -21 -12 -28 -16 -56 -51
-56 -44 -51 -53 -60 -76 -74
-25 -39 -34 -22 -40 -54 -52
-25 -34 -37 -17 -43 -57 -58
0 -45 -44 -20 -54 -53 -55
-27 -21 -17 -27 -12 -49 -56
-58 -48 -51 -51 -66 -74 -78
-28 -24 -25 -21 -33 -51 -59
-26 -21 -12 -27 -11 -52 -48
-61 -55 -57 -64 -69 -78 -85
-26 -23 -10 -29 -9 -51 -52
-23 -16 -20 -23 -15 -53 -48
-53 -51 -55 -65 -67 -72 -82
-25 -36 -41 -22 -50 -58 -56
-24 -28 -23 -26 -35 -51 -57
-25 -20 -19 -27 -16 -48 -51
-58 -48 -58 -59 -66 -76 -71
-48 -47 -47 -52 -61 -68 -68
-22 -41 -39 -21 -49 -63 -56
-28 -40 -41 -22 -53 -60 -58
-24 -19 -18 -22 -19 -50 -52
-55 -48 -54 -62 -68 -78 -74
-25 -19 -18 -33 -17 -48 -53
-20 -36 -32 -24 -42 -53 -49
-22 -21 -14 -22 -14 -46 -48
-51 -47 -58 -53 -60 -73 -77
-26 -29 -27 -26 -35 -61 -58
-23 -22 -12 -17 -19 -44 -52
-52 -43 -45 -54 -55 -75 -73
-24 -22 -20 -30 -15 -49 -53
-23 -24 -27 -16 -39 -51 -51
-23 -24 -22 -21 -27 -50 -50
-24 -13 -12 -26 -12 -49 -57
-24 -21 -22 -22 -14 -47 -52
0 -32 -39 -18 -44 -48 -53
-21 -20 -13 -22 -14 -51 -49
-23 -17 -13 -20 -13 -47 -52
-18 -37 -36 -22 -53 -53 -53
-53 -46 -45 -53 -60 -70 -72
-48 -43 -51 -52 -57 -72 -76
-21 -28 -28 -25 -38 -53 -55
-52 -46 -47 -57 -64 -70 -71
-28 -37 -36 -27 -44 -58 -55
-1 -41 -37 -19 -55 -54 -48
-22 -34 -31 -23 -44 -51 -47
-20 -36 -35 -18 -48 -55 -57
-22 -25 -21 -21 -32 -52 -51
-53 -46 -55 -52 -51 -72 -68
-51 -49 -48 -50 -57 -73 -74
-21 -16 -20 -24 -16 -55 -49
-52 -47 -54 -53 -64 -78 -82
-19 -36 -36 -23 -46 -54 -60
-31 -38 -41 -31 -56 -64 -62
5 -37 -37 -3 -52 -55 -59
-20 -30 -25 -17 -40 -51 -48
-31 -19 -20 -28 -14 -52 -51
-25 -30 -23 -24 -38 -52 -52
-22 -26 -23 -27 -35 -50 -55
-25 -19 -10 -21 -10 -47 -49
-57 -48 -55 -53 -59 -78 -79
-21 -16 -10 -24 -7 -52 -49
-20 -38 -38 -19 -44 -49 -49
-20 -41 -43 -18 -50 -51 -55
-59 -47 -57 -60 -66 -73 -74
-26 -22 -16 -25 -5 -54 -49
-55 -50 -56 -61 -75 -81 -80
-56 -49 -55 -60 -72 -79 -81
-25 -41 -36 -21 -45 -61 -69
-19 -42 -34 -20 -47 -52 -52
-23 -14 -19 -23 -17 -50 -51
-25 -19 -16 -25 -8 -52 -56
-32 -39 -43 -32 -56 -65 -61
-27 -23 -15 -36 -19 -60 -56
-53 -44 -49 -56 -58 -73 -75
-28 -18 -19 -23 -16 -52 -62
-22 -35 -33 -19 -60 -55 -59
-16 -32 -24 -26 -34 -56 -58
-25 -41 -45 -22 -56 -48 -46
-25 -14 -15 -23 -19 -51 -47
-57 -48 -50 -55 -60 -73 -75
-56 -50 -52 -58 -63 -77 -72
0 -35 -42 1 -53 -56 -53
-55 -47 -60 -55 -64 -80 -76
-24 -22 -21 -32 -14 -60 -51
-51 -48 -57 -55 -61 -75 -79
-58 -51 -57 -56 -66 -77 -78
-23 -32 -33 -24 -37 -59 -58
-22 -17 -8 -26 -16 -48 -52
-20 -17 -15 -23 -14 -48 -48
-21 -18 -10 -17 -8 -49 -48
-53 -47 -58 -54 -59 -73 -77
-55 -47 -55 -56 -66 -76 -81
-19 -24 -28 -15 -35 -52 -51
-20 -40 -41 -23 -47 -50 -56
-32 -39 -39 -32 -52 -59 -62
-56 -49 -56 -56 -65 -80 -76
-19 -40 -42 -19 -57 -47 -49
-32 -38 -37 -29 -45 -68 -59
-22 -27 -23 -28 -36 -58 -54
-23 -17 -20 -24 -17 -49 -50
-51 -45 -50 -56 -57 -74 -75
-52 -42 -51 -54 -57 -73 -78
-20 -14 -11 -24 -14 -52 -47
-18 -27 -27 -21 -36 -51 -55
-18 -38 -39 -28 -50 -50 -52
-21 -36 -38 -22 -52 -59 -60
-50 -46 -49 -52 -58 -68 -70
-24 -25 -24 -23 -42 -50 -61
-56 -53 -53 -56 -68 -75 -76
-50 -46 -56 -53 -53 -72 -68
-28 -34 -28 -21 -56 -53 -60
-25 -28 -24 -22 -35 -59 -57
-30 -38 -37 -28 -47 -68 -61
-24 -36 -38 -21 -45 -58 -60
-22 -34 -28 -26 -45 -58 -65
-50 -51 -52 -57 -57 -72 -76
-19 -34 -39 -18 -53 -48 -57
-22 -18 -17 -28 -15 -51 -55
-19 -29 -27 -24 -35 -53 -52
-24 -25 -25 -29 -41 -52 -60
-52 -47 -48 -47 -66 -65 -72
-29 -15 -13 -27 -13 -56 -55
-23 -16 -14 -19 -13 -51 -50
-21 -37 -37 -29 -62 -48 -45
-22 -37 -34 -25 -42 -58 -54
-59 -48 -52 -56 -62 -76 -76
-21 -39 -37 -19 -49 -52 -55
-26 -20 -27 -26 -32 -56 -57
-52 -51 -59 -53 -68 -81 -71
-27 -21 -19 -24 -14 -50 -56
-55 -46 -51 -65 -57 -78 -78
-18 -35 -39 -22 -48 -52 -51
-22 -28 -23 -26 -35 -49 -48
8 -39 -39 -18 -55 -64 -54
-31 -38 -40 -32 -46 -57 -55
-25 -18 -9 -18 -7 -52 -44
-28 -21 -16 -24 -4 -51 -51
-57 -49 -47 -57 -70 -77 -84
-24 -25 -24 -24 -38 -50 -62
-24 -25 -13 -24 -14 -53 -52
-54 -48 -56 -60 -68 -72 -76
-18 -37 -40 -19 -58 -54 -51
-54 -43 -52 -55 -66 -71 -74
-55 -47 -51 -52 -58 -69 -76
-22 -26 -25 -25 -37 -47 -57
-25 -33 -25 -21 -43 -52 -52
-51 -53 -57 -57 -62 -75 -76
-52 -41 -50 -58 -56 -70 -77
-23 -15 -20 -23 -15 -51 -50
-25 -25 -16 -32 -9 -52 -52
6 -42 -50 3 -56 -55 -52
-28 -41 -36 -34 -49 -59 -65
-18 -36 -35 -28 -45 -48 -58
-24 -38 -34 -18 -57 -50 -63
-24 -35 -44 -20 -48 -47 -51
-56 -49 -52 -62 -60 -78 -74
-25 -22 -10 -33 -17 -46 -45
-58 -47 -51 -57 -64 -84 -78
-23 -21 -20 -29 -13 -56 -55
-23 -31 -24 -25 -33 -54 -52
-25 -24 -20 -22 -37 -53 -51
-49 -46 -49 -52 -55 -72 -75
2 -52 -40 4 -55 -53 -62
-24 -27 -27 -28 -31 -61 -58
-55 -46 -45 -55 -59 -80 -72
-26 -31 -24 -21 -36 -61 -53
-21 -21 -12 -23 -13 -52 -52
-55 -48 -47 -54 -59 -76 -72
-22 -29 -20 -23 -31 -50 -57
-51 -48 -49 -55 -61 -75 -70
-23 -40 -30 -22 -44 -54 -58
-57 -49 -55 -54 -64 -74 -77
-61 -53 -53 -58 -60 -79 -77
-22 -16 -14 -19 -12 -51 -54
-25 -25 -26 -26 -29 -51 -52
-20 -19 -7 -21 -16 -57 -49
-23 -16 -21 -24 -13 -50 -52
-19 -38 -39 -21 -43 -54 -56
-19 -26 -24 -22 -41 -52 -58
-27 -27 -23 -27 -33 -54 -52
-20 -19 -26 -19 -32 -52 -52
-17 -37 -38 -19 -48 -47 -51
-53 -50 -53 -51 -59 -71 -80
-25 -40 -38 -25 -49 -60 -64
4 -41 -46 2 -61 -58 -54
-22 -38 -40 -24 -49 -44 -53
-23 -21 -13 -30 -5 -51 -50
-52 -49 -51 -53 -61 -72 -76
-20 -19 -8 -25 -15 -48 -51
-23 -28 -27 -23 -42 -52 -55
7 -41 -42 -9 -52 -56 -53
-24 -28 -24 -21 -36 -61 -57
-50 -45 -51 -51 -57 -74 -69
-26 -28 -27 -24 -42 -52 -54
-51 -49 -53 -52 -53 -72 -75
-53 -49 -48 -56 -59 -74 -70
-27 -39 -40 -27 -59 -60 -62
-9 -37 -39 -19 -49 -53 -53
-56 -52 -56 -58 -60 -78 -75
-17 -41 -39 -24 -48 -53 -52
-22 -27 -26 -28 -40 -50 -59
-24 -23 -15 -23 -17 -52 -52
-25 -31 -24 -26 -33 -53 -53
-21 -14 -22 -24 -15 -51 -52
-28 -29 -31 -26 -43 -54 -61
-22 -22 -20 -23 -32 -52 -61
-30 -20 -20 -27 -14 -53 -55
-20 -27 -22 -25 -31 -52 -59
-18 -41 -37 -22 -47 -48 -51
-56 -48 -53 -61 -58 -76 -78
-2 -45 -43 -17 -52 -55 -53
-25 -29 -25 -17 -36 -60 -57
-22 -20 -10 -20 -26 -48 -51
-27 -40 -37 -20 -50 -58 -57
-30 -35 -42 -18 -40 -55 -59
-52 -46 -50 -49 -57 -70 -69
-18 -32 -29 -27 -37 -57 -51
-49 -42 -50 -56 -65 -77 -73
-25 -44 -48 -25 -55 -59 -58
-53 -46 -54 -52 -59 -72 -74
-20 -24 -29 -23 -33 -51 -53
-29 -18 -17 -25 -7 -48 -47
-16 -36 -43 -16 -52 -54 -55
-54 -46 -54 -53 -59 -80 -76
-22 -31 -28 -25 -33 -56 -57
-22 -32 -31 -33 -47 -57 -62
-19 -28 -33 -21 -45 -51 -51
-47 -42 -53 -53 -62 -68 -73
-24 -29 -33 -21 -33 -59 -56
-26 -36 -36 -27 -55 -53 -61
-23 -30 -33 -16 -39 -50 -55
-27 -25 -26 -16 -41 -52 -52
2 -37 -38 3 -46 -60 -58
-52 -43 -49 -50 -61 -67 -70
-18 -27 -26 -18 -41 -48 -57
-26 -39 -46 -22 -57 -51 -46
-19 -26 -20 -25 -30 -52 -58
-51 -45 -47 -55 -61 -69 -71
-50 -43 -49 -56 -57 -73 -71
-23 -20 -19 -23 -18 -51 -52
-57 -50 -61 -60 -67 -78 -80
-20 -30 -30 -25 -35 -59 -57
-19 -40 -37 -20 -42 -56 -58
-33 -22 -10 -30 -12 -59 -57
-26 -34 -42 -19 -48 -49 -55
-54 -48 -50 -57 -62 -73 -74
-27 -17 -16 -28 -11 -57 -50
-22 -28 -21 -22 -35 -52 -57
-52 -50 -45 -56 -57 -72 -80
-25 -40 -38 -23 -51 -61 -60
-21 -24 -11 -23 -14 -43 -52
-51 -49 -48 -56 -60 -71 -80
-20 -39 -42 -21 -50 -55 -56
-23 -29 -21 -21 -36 -53 -64
-25 -15 -16 -20 -11 -50 -54
-18 -36 -33 -26 -40 -56 -58
-22 -39 -29 -24 -51 -55 -52
-23 -16 -19 -23 -19 -52 -49
-27 -18 -13 -26 -7 -53 -55
-17 -29 -27 -25 -36 -53 -52
-55 -47 -49 -62 -60 -79 -75
-16 -30 -24 -25 -35 -52 -50
-21 -23 -28 -23 -39 -51 -48
-63 -53 -54 -67 -72 -75 -82
-32 -37 -41 -23 -64 -57 -60
6 -37 -39 2 -52 -58 -57
3 -40 -38 3 -56 -58 -53
-20 -18 -13 -22 -12 -47 -48
-25 -33 -32 -13 -33 -54 -54
-32 -37 -39 -30 -62 -63 -58
-55 -43 -54 -53 -62 -75 -70
-24 -31 -28 -27 -40 -59 -56
-20 -17 -13 -24 -12 -46 -49
-25 -30 -26 -20 -30 -53 -56
-21 -17 -14 -23 -16 -47 -46
-21 -20 -25 -29 -34 -50 -50
-54 -50 -52 -53 -69 -81 -73
-17 -35 -39 -28 -46 -47 -52
-25 -26 -29 -22 -35 -56 -53
-25 -30 -22 -23 -39 -53 -53
-26 -22 -14 -22 -11 -59 -51
-24 -14 -21 -24 -14 -53 -50
-26 -18 -12 -26 -12 -50 -50
-25 -19 -18 -36 -9 -53 -56
-22 -29 -27 -28 -35 -51 -54
-21 -31 -27 -19 -39 -58 -61
-27 -26 -13 -27 -9 -56 -50
-19 -35 -36 -19 -49 -61 -54
-26 -26 -25 -28 -33 -55 -57
-19 -15 -12 -32 -15 -46 -50
-49 -45 -52 -57 -66 -78 -77
-27 -29 -23 -23 -37 -60 -53
-52 -47 -54 -68 -58 -73 -87
-28 -39 -30 -25 -43 -57 -57
-18 -42 -39 -19 -62 -54 -54
-56 -49 -61 -57 -62 -76 -74
-23 -30 -27 -17 -40 -58 -58
-23 -31 -27 -24 -33 -53 -55
-24 -35 -26 -24 -40 -52 -62
-55 -48 -53 -58 -59 -74 -75
-19 -25 -26 -17 -33 -52 -59
-20 -27 -29 -20 -35 -51 -56
-22 -38 -35 -24 -47 -54 -52
-20 -35 -33 -21 -50 -58 -54
-25 -33 -25 -27 -39 -58 -52
-22 -20 -16 -18 -16 -51 -48
-28 -24 -24 -28 -32 -62 -51
-48 -47 -45 -60 -66 -74 -72
-54 -42 -48 -51 -57 -70 -73
-24 -28 -25 -21 -36 -60 -58
-54 -50 -49 -55 -65 -73 -81
-17 -26 -24 -22 -33 -57 -49
-17 -35 -40 -26 -45 -50 -53
-23 -38 -36 -23 -58 -47 -50
-19 -26 -23 -26 -37 -54 -59
-52 -47 -52 -65 -60 -78 -80
-18 -41 -39 -17 -43 -47 -62
-51 -50 -47 -54 -55 -73 -72
-16 -43 -43 -18 -42 -55 -58
-25 -25 -30 -18 -40 -54 -59
-18 -27 -21 -22 -38 -51 -54
-25 -27 -26 -22 -36 -59 -54
-20 -36 -35 -24 -51 -54 -48
-25 -29 -23 -29 -39 -54 -53
-52 -42 -49 -53 -62 -71 -75
-18 -23 -23 -28 -30 -49 -48
-18 -26 -23 -22 -40 -48 -50
-53 -47 -52 -56 -65 -69 -67
-20 -39 -32 -20 -42 -56 -51
-20 -27 -28 -20 -39 -51 -59
-55 -50 -57 -54 -65 -78 -78
-22 -24 -26 -14 -37 -50 -52
-20 -37 -39 -23 -48 -55 -51
-27 -26 -23 -31 -31 -57 -60
-21 -44 -40 -19 -51 -55 -54
-50 -41 -47 -50 -53 -69 -70
-53 -47 -47 -52 -59 -72 -77
-19 -17 -11 -21 -14 -49 -49
-23 -29 -30 -22 -41 -65 -53
-18 -25 -25 -24 -37 -57 -57
-29 -21 -9 -33 -12 -55 -58
-17 -40 -41 -22 -57 -57 -55
-20 -37 -33 -25 -46 -55 -55
-19 -24 -23 -21 -37 -55 -51
-26 -23 -14 -30 -18 -59 -48
-20 -36 -34 -18 -45 -47 -52
-51 -50 -46 -57 -57 -73 -77
1 -48 -43 -19 -50 -57 -59
-19 -26 -27 -25 -37 -52 -57
-54 -52 -52 -59 -63 -78 -83
-51 -44 -51 -58 -55 -72 -70
-24 -37 -31 -27 -46 -52 -47
-54 -48 -57 -57 -59 -74 -72
-18 -36 -38 2 -43 -46 -61
-21 -25 -20 -24 -17 -50 -50
-24 -17 -16 -26 -14 -55 -52
-24 -19 -10 -23 -13 -51 -47
-26 -26 -13 -30 -11 -57 -44
-28 -33 -33 -18 -49 -55 -58
-53 -50 -52 -50 -60 -73 -74
-21 -29 -22 -25 -33 -55 -46
-26 -15 -10 -25 -13 -51 -49
-22 -39 -29 -24 -46 -56 -53
-20 -38 -35 -10 -53 -49 -54
-21 -38 -35 -31 -52 -62 -57
-19 -29 -25 -24 -35 -58 -54
-53 -46 -49 -59 -60 -74 -79
-21 -28 -31 -22 -40 -56 -61
-22 -39 -40 -20 -46 -56 -61
-53 -41 -52 -55 -64 -71 -72
-58 -51 -50 -52 -62 -77 -82
-24 -17 -16 -28 -10 -49 -47
-51 -48 -46 -57 -60 -73 -80
-30 -39 -42 -26 -53 -67 -59
-19 -14 -10 -21 -12 -40 -51
-35 -23 -16 -26 -12 -55 -47
-23 -13 -9 -21 -16 -44 -46
-50 -46 -53 -55 -59 -68 -77
-24 -24 -24 -24 -38 -51 -61
-25 -20 -8 -25 -13 -55 -50
-24 -18 -18 -24 -28 -52 -52
-57 -47 -45 -60 -56 -73 -73
-49 -44 -49 -55 -64 -73 -73
-29 -22 -20 -25 -13 -53 -52
-25 -33 -24 -27 -34 -59 -60
-23 -22 -25 -29 -42 -53 -54
-27 -41 -36 -33 -51 -59 -67
-27 -30 -26 -27 -35 -50 -48
-56 -50 -57 -56 -59 -73 -76
-26 -35 -25 -26 -38 -52 -64
-56 -49 -53 -58 -68 -77 -82
-21 -21 -18 -22 -20 -48 -51
-51 -48 -49 -57 -56 -68 -71
-25 -35 -35 -20 -45 -58 -55
-18 -32 -40 -23 -56 -56 -51
-55 -49 -51 -58 -59 -75 -72
-50 -45 -47 -53 -58 -72 -73
-29 -25 -24 -30 -37 -59 -64
-23 -26 -25 -23 -37 -51 -61
-27 -27 -28 -25 -34 -59 -51
-49 -49 -52 -50 -60 -72 -71
-16 -42 -34 -19 -53 -48 -57
-17 -42 -36 -17 -43 -63 -62
-23 -14 -9 -24 -9 -52 -51
-23 -30 -32 -16 -35 -49 -51
-21 -22 -16 -30 -10 -50 -54
-24 -14 -12 -19 -10 -43 -51
-21 -24 -27 -24 -31 -53 -50
-48 -45 -47 -47 -59 -70 -73
-26 -27 -27 -23 -34 -55 -57
-23 -40 -36 -24 -53 -47 -53
-25 -29 -32 -27 -47 -48 -51
-22 -20 -14 -22 -11 -51 -44
-21 -28 -24 -28 -42 -61 -53
-54 -49 -47 -57 -64 -78 -74
-31 -38 -42 -29 -54 -62 -61
-18 -28 -30 -20 -34 -51 -53
-20 -36 -38 -27 -38 -54 -50
-25 -24 -22 -29 -38 -54 -56
-21 -26 -24 -23 -39 -52 -59
-26 -25 -15 -32 -12 -52 -52
-19 -30 -26 -21 -31 -53 -59
-52 -44 -43 -51 -63 -66 -72
-18 -19 -31 -26 -32 -50 -55
-51 -44 -51 -52 -60 -72 -74
-20 -38 -30 -21 -53 -54 -53
-25 -28 -24 -22 -37 -60 -57
-54 -48 -51 -55 -63 -71 -69
-22 -33 -28 -22 -36 -58 -62
-23 -27 -26 -19 -39 -51 -60
-26 -31 -24 -21 -36 -58 -51
-29 -21 -9 -30 -11 -56 -56
-24 -25 -26 -28 -37 -51 -64
-22 -34 -33 -27 -46 -52 -47
-23 -25 -24 -27 -40 -50 -61
-58 -48 -55 -62 -66 -80 -78
-28 -20 -12 -26 -17 -52 -51
-24 -17 -23 -23 -17 -50 -50
-20 -19 -8 -24 -15 -48 -50
-23 -17 -9 -24 -15 -51 -50
-50 -51 -48 -53 -58 -71 -75
-50 -45 -50 -50 -58 -77 -71
-21 -37 -36 -30 -58 -55 -62
-24 -24 -27 -26 -32 -59 -58
-19 -41 -39 -25 -55 -47 -48
-54 -48 -56 -62 -66 -73 -77
-53 -48 -54 -58 -57 -78 -71
-27 -38 -42 -28 -63 -61 -57
-26 -30 -23 -27 -33 -53 -54
-24 -18 -20 -29 -7 -52 -51
-26 -30 -35 -28 -33 -59 -56
-25 -29 -31 -21 -32 -60 -65
-53 -42 -45 -50 -55 -68 -72
-21 -26 -27 -18 -34 -59 -56
-22 -28 -24 -22 -36 -54 -46
-24 -27 -18 -27 -11 -52 -56
-23 -19 -14 -21 -16 -42 -47
-61 -53 -59 -56 -72 -80 -74
-20 -24 -19 -19 -17 -52 -49
-20 -39 -43 -20 -51 -55 -52
-25 -37 -27 -27 -41 -58 -52
-26 -45 -49 -28 -45 -63 -60
-24 -35 -32 -29 -48 -62 -51
-51 -47 -47 -55 -58 -75 -76
-21 -21 -15 -24 -17 -49 -53
-56 -51 -58 -57 -59 -75 -80
-55 -47 -55 -62 -66 -78 -78
-23 -26 -23 -28 -41 -51 -60
-20 -26 -27 -22 -36 -61 -58
-20 -39 -37 -20 -44 -49 -47
-28 -23 -10 -29 -12 -55 -55
-27 -21 -11 -28 -13 -50 -45
-27 -16 -7 -27 -15 -51 -52
-21 -17 -14 -25 -20 -48 -47
-52 -51 -48 -52 -65 -72 -73
-28 -21 -17 -28 -11 -52 -55
-23 -39 -37 -25 -47 -53 -58
-28 -21 -17 -25 -14 -50 -62
-23 -26 -18 -26 -10 -51 -55
-56 -47 -53 -53 -59 -74 -81
-21 -19 -12 -23 -15 -45 -50
-23 -21 -20 -29 -13 -55 -50
-26 -30 -23 -20 -35 -59 -54
-53 -45 -53 -59 -71 -71 -69
-21 -34 -30 -24 -40 -56 -49
-18 -34 -41 -20 -46 -54 -56
-52 -53 -55 -56 -64 -72 -81
-26 -22 -13 -28 -6 -50 -53
-18 -36 -30 -28 -31 -52 -58
-25 -17 -14 -23 -10 -48 -57
-18 -36 -39 -16 -42 -51 -57
-52 -47 -56 -56 -57 -68 -72
5 -36 -39 -3 -59 -54 -54
-25 -25 -24 -24 -47 -59 -53
-28 -31 -28 -27 -43 -54 -60
-25 -19 -9 -19 -20 -49 -49
-50 -45 -48 -56 -53 -71 -73
-25 -31 -23 -26 -37 -60 -54
-19 -37 -39 -24 -45 -47 -46
-16 -37 -40 3 -47 -55 -54
-23 -15 -19 -23 -18 -51 -52
-21 -24 -13 -25 -18 -49 -52
-25 -20 -10 -24 -14 -48 -50
-21 -15 -20 -21 -14 -52 -50
-53 -45 -49 -55 -56 -68 -76
-53 -49 -48 -49 -60 -85 -68
-22 -37 -39 -32 -48 -57 -55
-22 -17 -6 -25 -15 -51 -46
-53 -50 -50 -55 -56 -71 -72
-23 -18 -12 -26 -11 -49 -53
-19 -21 -26 -22 -32 -53 -51
-22 -27 -26 -23 -43 -51 -59
-25 -27 -27 -24 -36 -60 -51
-18 -35 -32 -19 -52 -54 -54
-18 -32 -30 -24 -35 -50 -58
-23 -23 -12 -30 -14 -50 -58
-22 -17 -13 -24 -12 -50 -55
-20 -28 -27 -23 -45 -53 -61
-25 -23 -20 -28 -14 -49 -51
-55 -43 -50 -50 -57 -77 -78
-25 -37 -27 -29 -43 -57 -51
-25 -22 -12 -21 -16 -55 -56
6 -36 -36 7 -52 -57 -56
-21 -27 -23 -22 -34 -54 -57
-17 -39 -41 -18 -45 -56 -57
-22 -26 -23 -28 -32 -53 -60
-24 -25 -23 -22 -33 -50 -49
-26 -35 -34 -18 -52 -54 -58
-26 -41 -23 -24 -50 -58 -60
-53 -48 -52 -55 -59 -73 -73
-50 -47 -53 -50 -58 -66 -69
-53 -43 -52 -57 -56 -76 -80
-18 -36 -30 -26 -30 -54 -57
-18 -24 -32 -26 -35 -55 -58
-23 -17 -21 -24 -15 -51 -52
-22 -38 -35 -26 -51 -59 -61
-23 -25 -22 -18 -37 -49 -51
-23 -34 -37 -22 -44 -58 -46
-1 -42 -36 -17 -51 -51 -60
-22 -32 -30 -23 -45 -53 -64
-23 -14 -21 -24 -13 -55 -50
-21 -20 -23 -26 -34 -55 -52
-24 -25 -29 -29 -36 -52 -53
-23 -17 -15 -18 -9 -43 -51
-64 -53 -57 -56 -72 -78 -80
-30 -35 -38 -19 -41 -57 -65
-53 -47 -55 -60 -66 -72 -75
-57 -44 -49 -54 -60 -72 -71
-22 -35 -29 -23 -36 -56 -62
-24 -29 -24 -20 -35 -52 -58
-23 -37 -35 -19 -46 -61 -58
-50 -51 -51 -53 -58 -85 -68
1 -43 -42 3 -54 -51 -61
-20 -19 -8 -24 -13 -48 -44
-23 -39 -41 -26 -47 -58 -59
-23 -16 -16 -20 -14 -50 -50
-59 -48 -55 -59 -68 -79 -76
-25 -20 -16 -26 -16 -46 -51
-19 -30 -25 -16 -42 -59 -58
-54 -48 -55 -60 -66 -76 -74
-55 -45 -49 -60 -56 -77 -77
-52 -50 -49 -53 -56 -69 -69
8 -40 -44 -2 -55 -58 -56
-22 -25 -21 -17 -32 -53 -51
-16 -35 -41 -18 -57 -55 -51
-24 -20 -7 -25 -14 -53 -51
-59 -46 -57 -59 -66 -73 -74
-53 -49 -49 -54 -59 -73 -75
-22 -20 -20 -25 -16 -49 -49
-25 -26 -22 -23 -42 -52 -60
-50 -47 -49 -59 -53 -71 -72
-55 -55 -49 -66 -59 -73 -71
-50 -45 -54 -63 -66 -72 -69
-24 -27 -17 -25 -29 -52 -52
-17 -40 -37 -20 -43 -56 -61
-18 -25 -27 -26 -29 -56 -52
-28 -19 -12 -25 -14 -47 -51
-27 -40 -40 -22 -52 -68 -62
-22 -45 -49 -22 -57 -52 -52
-19 -29 -33 -19 -38 -57 -58
-25 -15 -13 -23 -20 -55 -53
-57 -47 -48 -57 -64 -75 -78
-28 -23 -16 -29 -14 -52 -49
-26 -24 -19 -31 -7 -52 -56
-19 -12 -13 -26 -19 -50 -55
-18 -39 -40 -18 -44 -56 -55
-22 -37 -31 -26 -43 -57 -53
-21 -30 -22 -26 -35 -52 -60
-24 -37 -32 -22 -44 -60 -50
-30 -18 -18 -28 -11 -53 -50
-25 -22 -18 -27 -11 -52 -45
-21 -20 -11 -22 -8 -52 -46
-27 -20 -14 -20 -13 -53 -56
-18 -24 -23 -24 -30 -53 -52
-23 -27 -27 -27 -39 -50 -59
-51 -47 -53 -52 -60 -73 -72
-57 -48 -53 -52 -65 -72 -80
-21 -39 -36 -20 -38 -52 -54
-24 -31 -25 -21 -41 -59 -57
-53 -43 -48 -51 -61 -72 -65
-52 -49 -51 -52 -65 -69 -74
-20 -25 -22 -16 -30 -53 -52
-51 -46 -49 -52 -63 -74 -73
-52 -47 -44 -53 -54 -75 -82
-18 -36 -36 -19 -48 -57 -53
-25 -29 -23 -29 -42 -52 -51
-20 -26 -23 -25 -38 -53 -51
-1 -35 -42 -19 -51 -54 -51
-20 -40 -42 -24 -48 -64 -61
-20 -34 -32 -23 -51 -50 -54
-57 -48 -51 -59 -65 -73 -79
-27 -21 -24 -33 -13 -57 -57
-25 -25 -22 -22 -31 -50 -57
-21 -28 -31 -25 -37 -65 -52
-24 -25 -26 -24 -32 -59 -51
-18 -39 -34 -22 -48 -57 -57
-54 -39 -42 -50 -60 -68 -73
-16 -35 -38 0 -52 -58 -57
-55 -53 -48 -60 -58 -68 -72
-19 -39 -37 -22 -57 -53 -46
-20 -36 -37 -18 -42 -53 -57
-24 -26 -28 -23 -40 -49 -61
-60 -49 -47 -52 -64 -72 -84
-26 -26 -19 -28 -6 -50 -56
-28 -19 -16 -25 -14 -56 -58
-19 -32 -38 -21 -49 -51 -52
-19 -33 -38 -18 -44 -54 -53
-25 -17 -12 -26 -16 -50 -49
-34 -23 -20 -28 -10 -52 -59
-22 -13 -14 -25 -15 -47 -51
-23 -14 -9 -24 -12 -47 -49
-20 -33 -35 -20 -45 -54 -55
-25 -24 -26 -27 -41 -61 -57
-17 -37 -34 4 -53 -51 -64
-24 -39 -43 -25 -55 -49 -48
-21 -20 -12 -23 -11 -50 -53
-22 -18 -23 -21 -34 -52 -57
-27 -19 -14 -27 -14 -55 -49
-25 -29 -25 -22 -36 -60 -58
-28 -40 -38 -25 -52 -54 -62
-20 -40 -44 -23 -46 -58 -55
-19 -13 -15 -20 -14 -48 -52
-20 -33 -35 -19 -49 -49 -50
-22 -20 -13 -24 -17 -50 -55
-25 -28 -25 -22 -36 -61 -58
-30 -23 -9 -31 -16 -57 -56
-54 -46 -53 -54 -61 -71 -66
-55 -48 -54 -50 -60 -73 -77
-27 -18 -17 -29 -16 -56 -53
-22 -32 -30 -22 -40 -58 -56
6 -42 -44 4 -53 -59 -53
-29 -20 -18 -27 -13 -56 -53
-20 -29 -31 -29 -35 -54 -56
-18 -42 -35 -17 -54 -53 -46
-25 -28 -25 -23 -34 -59 -57
-56 -45 -56 -61 -65 -74 -73
-23 -25 -28 -22 -37 -53 -59
-33 -23 -22 -27 -44 -56 -55
-22 -27 -23 -24 -39 -51 -55
-22 -40 -29 -23 -47 -55 -52
-21 -30 -27 -20 -39 -52 -52
-24 -34 -36 -17 -47 -51 -55
-54 -48 -49 -53 -64 -77 -76
-58 -50 -53 -56 -62 -82 -75
-27 -20 -19 -24 -16 -50 -62
-29 -40 -37 -27 -44 -61 -67
-19 -37 -38 -19 -49 -52 -48
-21 -34 -32 -21 -43 -57 -53
-22 -22 -26 -18 -31 -60 -62
-22 -23 -23 -18 -37 -52 -50
-52 -48 -50 -53 -60 -69 -74
-27 -34 -41 -25 -53 -56 -61
-30 -21 -19 -28 -16 -55 -51
1 -39 -37 3 -44 -50 -52
-25 -19 -9 -21 -17 -55 -46
-19 -25 -27 -20 -37 -52 -54
-25 -25 -14 -28 -15 -48 -53
-22 -18 -17 -24 -11 -46 -47
-26 -27 -27 -24 -34 -57 -50
-23 -27 -25 -22 -40 -52 -59
-24 -37 -39 -26 -51 -55 -59
-27 -18 -11 -28 -14 -47 -52
-53 -45 -46 -52 -54 -75 -72
-23 -20 -13 -21 -9 -52 -52
-24 -25 -22 -27 -13 -48 -49
-21 -16 -20 -26 -16 -56 -49
-22 -35 -38 -24 -51 -56 -60
-24 -28 -27 -22 -33 -52 -57
-24 -43 -45 -26 -56 -58 -57
-54 -45 -52 -57 -64 -75 -79
-23 -16 -13 -19 -20 -47 -45
-19 -37 -37 -24 -51 -48 -51
-55 -48 -51 -51 -56 -71 -82
-20 -34 -36 -20 -46 -55 -59
-24 -28 -25 -22 -37 -59 -56
-54 -48 -54 -55 -58 -72 -74
-18 -37 -47 -16 -48 -52 -56
-22 -28 -26 -21 -34 -52 -51
-26 -22 -16 -29 -13 -53 -48
